Time:0.06331276893615723
Last Iter:1
Last Update:1
Tabu:0
Last Time0.06328463554382324
4
10 1 5 7 |6 9 2 ||4 8 3 |
2616.3484012353138 13978.636368350639
5 1 10 9 6 |2 7 ||3 8 |4 
2876.001885619205 9952.000125450262
2 9 10 |7 5 1 6 ||8 3 |4 
2921.377621356569 9874.915765396867
7 5 1 |2 9 10 6 ||8 |3 |4 
3042.28893251095 8148.946729241717

Time:0.060292720794677734
Last Iter:1
Last Update:1
Tabu:0
Last Time0.060272932052612305
2
2 9 6 |10 1 5 7 ||3 |8 |4 
2616.3484012353133 9728.560278568546
2 9 6 |7 10 1 5 ||8 |3 |4 
2943.1080663397406 8658.285040019975

Time:0.060805320739746094
Last Iter:1
Last Update:1
Tabu:0
Last Time0.060782432556152344
3
7 5 1 10 |6 9 2 ||4 |8 |3 
2616.3484012353138 10977.664111240229
2 9 |7 5 1 10 6 ||8 |4 |3 
2705.9663509142492 9318.258481078454
7 5 1 |2 9 10 6 ||3 8 |4 
3042.28893251095 8282.499966413097

Time:0.05936288833618164
Last Iter:1
Last Update:1
Tabu:0
Last Time0.059339284896850586
3
7 5 1 10 6 |2 9 ||3 8 |4 
2705.9663509142492 9451.811718249834
7 10 1 5 |2 9 6 ||3 8 |4 
2943.1080663397406 8791.838277191355
7 5 1 |2 9 10 6 ||4 |3 8 
3042.28893251095 8282.499966413097

Time:0.06713318824768066
Last Iter:1
Last Update:1
Tabu:0
Last Time0.06710529327392578
4
6 9 2 |10 1 5 7 ||8 4 |3 
2616.3484012353138 12753.538927771688
9 2 |7 5 1 10 6 ||4 3 |8 
2705.9663509142492 10529.108425692833
7 10 1 5 |2 9 6 ||3 |4 |8 
2943.1080663397406 8658.285040019975
7 5 1 |2 9 10 6 ||4 |3 8 
3042.28893251095 8282.499966413097

Time:0.059101104736328125
Last Iter:1
Last Update:1
Tabu:0
Last Time0.059073686599731445
4
2 9 6 |7 5 1 10 ||8 4 |3 
2616.3484012353133 10015.799627127719
2 7 |9 6 10 1 5 ||4 |3 8 
2876.001885619205 9765.9448319399
7 10 1 5 |2 9 6 ||4 3 |8 
2943.1080663397406 9605.192589983611
2 9 10 6 |7 5 1 ||4 |8 3 
3042.28893251095 9038.314533644529

Time:0.06070256233215332
Last Iter:1
Last Update:1
Tabu:0
Last Time0.060678720474243164
3
2 6 9 |7 5 1 10 ||3 |4 8 
2823.215031194209 10278.713718254228
7 10 5 1 |2 6 9 ||3 8 |4 
3023.197296713334 9746.065894813943
2 9 10 6 |7 5 1 ||8 |3 |4 
3042.28893251095 8148.946729241717

Time:0.059751033782958984
Last Iter:1
Last Update:1
Tabu:0
Last Time0.059732675552368164
2
2 9 6 |7 5 1 10 ||4 |3 8 
2616.3484012353133 9117.795781753779
2 9 6 |7 10 1 5 ||8 |4 |3 
2943.1080663397406 8658.285040019973

Time:0.06387042999267578
Last Iter:1
Last Update:1
Tabu:0
Last Time0.06384491920471191
4
2 9 6 |7 5 1 10 ||8 3 |4 
2616.3484012353133 9873.610348985212
2 9 |7 5 1 10 6 ||4 8 |3 
2705.9663509142492 9796.177395397099
7 5 1 6 |2 9 10 ||4 |3 8 
2921.377621356569 9119.101198165434
7 5 1 |2 9 10 6 ||4 8 |3 
3042.28893251095 8626.865643560363

Time:0.06053352355957031
Last Iter:1
Last Update:1
Tabu:0
Last Time0.06051063537597656
3
2 9 6 |10 1 5 7 ||4 3 |8 
2616.3484012353133 10675.467828532182
2 9 |7 5 1 10 6 ||4 |8 |3 
2705.9663509142492 9318.258481078454
7 5 1 |2 9 10 6 ||4 |3 8 
3042.28893251095 8282.499966413097

Time:0.5041425228118896
Last Iter:1
Last Update:1
Tabu:0
Last Time0.5040283203125
4
39 29 9 17 19 48 1 |27 25 13 50 24 15 12 22 |35 20 6 33 7 2 43 38 46 5 ||42 |45 |30 14 21 28 11 18 34 |41 8 23 36 37 26 44 32 |3 47 49 |16 40 31 10 4 |
4193.334933042588 70183.82657689281
25 13 27 9 29 39 38 46 |7 33 5 17 19 48 1 |2 6 20 12 35 15 24 50 ||31 |11 21 |10 8 16 34 18 |40 41 22 42 47 49 |43 23 44 36 26 37 |30 3 14 4 |32 45 |28 |
4417.346851829012 69267.78512133472
15 24 50 13 25 27 9 17 19 48 1 |12 38 46 39 29 5 |35 11 7 33 6 20 2 ||45 44 |14 49 36 26 32 |34 16 43 23 40 10 30 3 42 |4 21 28 |8 41 31 37 |22 47 18 |
4508.236029373932 69153.48769525596
24 50 13 25 27 9 17 19 48 |15 35 12 20 6 33 2 |7 38 46 39 29 5 1 ||4 |49 |18 11 |32 31 10 3 42 21 28 16 |34 44 36 37 |23 40 41 8 30 22 14 |47 43 26 45 |
4820.908797718283 63537.24706061708

Time:0.49469876289367676
Last Iter:1
Last Update:1
Tabu:0
Last Time0.49455976486206055
5
17 19 29 45 39 5 32 44 23 46 38 2 |7 33 6 18 20 12 48 1 |15 35 24 50 13 25 27 9 ||30 |28 11 16 43 8 41 |37 |26 36 40 34 3 42 |49 |21 14 10 22 47 4 31 |
4598.125255626336 77593.35492582877
39 29 1 48 19 17 49 25 13 47 27 9 |3 50 24 15 35 33 20 16 |7 6 12 34 2 38 46 5 ||11 14 |8 41 42 18 43 |37 22 44 23 10 |40 30 21 4 |28 31 32 |45 36 26 
4789.069008893366 74937.58452070152
15 35 24 50 13 25 27 9 |12 7 33 6 20 2 |17 19 48 1 29 39 38 46 5 ||43 |45 26 37 |22 30 10 34 21 47 |40 31 32 23 28 14 42 3 |4 49 |41 8 11 16 44 |18 36 |
4813.470412792137 68232.94384559474
24 14 15 35 28 12 6 7 33 20 |50 2 38 46 39 5 1 |29 48 19 17 25 13 27 9 ||21 |23 |18 |49 34 44 32 31 |11 16 43 10 |42 37 |45 36 26 40 41 8 30 22 3 |4 47 |
5626.617473515895 67490.30597543936
12 15 35 24 50 48 1 |7 33 6 20 16 2 38 46 5 |39 29 19 17 49 25 13 27 9 ||8 |36 45 |47 |43 40 41 42 14 |37 |18 11 34 23 44 31 10 |32 30 3 4 28 21 22 |26 
5968.740259131615 61224.39144250635

Time:0.5027754306793213
Last Iter:1
Last Update:1
Tabu:0
Last Time0.5026133060455322
6
13 4 15 35 24 50 |7 12 20 6 33 2 38 46 23 44 5 31 |39 37 45 29 1 48 19 17 25 27 9 ||26 |18 |11 28 21 3 47 |41 8 10 22 16 34 |49 |32 43 36 14 42 |30 40 |
4700.7787937886105 77657.59127879929
35 12 20 2 38 46 39 5 |7 33 6 15 14 24 50 1 |29 49 25 13 27 47 4 9 17 19 48 ||16 28 3 |8 22 |21 42 30 31 |44 |43 10 41 |11 18 |45 36 26 37 32 34 23 40 |
4739.85454614078 74868.48345291501
14 24 42 50 47 13 25 27 9 17 19 48 1 |29 39 16 2 38 46 5 |7 33 6 18 20 12 15 35 ||41 8 44 34 |49 |4 31 43 |28 22 40 45 26 |32 23 36 37 30 |11 21 3 10 |
4880.833262801923 69301.81089431429
39 38 15 24 50 |35 12 20 6 33 7 2 46 |25 13 27 9 17 19 48 1 29 5 ||43 |3 42 14 22 8 |21 |4 49 30 40 31 32 |11 34 23 44 36 45 26 |10 41 47 28 |37 |16 18 
5208.72040686704 64307.853467006586
39 20 12 35 24 50 |15 6 33 7 2 38 46 5 |31 29 1 48 19 17 49 25 13 27 9 ||45 36 26 |22 10 |34 43 21 3 47 |37 23 32 41 8 |28 11 18 16 30 |42 14 4 40 44 |
6194.97353309403 63816.7002980401
15 24 50 13 25 27 9 48 1 |7 33 6 20 12 35 |17 19 29 39 5 46 38 2 ||21 3 |32 |44 36 |26 45 23 10 22 41 |18 |43 8 30 42 14 49 |37 |31 40 34 16 11 28 |4 47 |
6385.5685903737585 62919.958328597975

Time:0.5103087425231934
Last Iter:1
Last Update:1
Tabu:0
Last Time0.5101711750030518
5
35 28 16 2 7 33 6 18 20 12 |15 24 50 3 47 4 27 9 17 19 48 1 |13 25 29 39 38 46 5 31 ||26 40 |44 37 34 11 |43 23 45 8 30 10 42 |14 49 |21 32 36 41 22 
4391.511575775517 79406.19766387598
5 49 25 27 13 24 50 10 |12 11 35 15 9 17 19 48 1 |29 36 39 46 38 2 7 33 6 20 ||47 |32 44 45 8 30 22 42 14 |4 |37 28 31 |23 41 3 21 |43 34 16 18 40 |26 
4901.499406125992 72846.54932156854
44 39 29 17 19 48 1 |25 13 27 9 5 38 46 40 |2 7 33 6 20 12 35 15 24 50 ||22 |42 |4 41 |47 49 31 32 34 10 |23 45 26 37 8 30 3 |11 |21 14 28 18 16 43 |36 |
5062.011263087885 67234.82396530283
11 34 2 38 46 39 36 29 |7 33 6 20 12 35 15 24 50 ||25 13 27 9 17 19 48 1 5 ||16 |4 42 14 |22 8 23 44 |37 26 43 10 30 |21 49 |3 45 31 41 |40 32 |28 47 |18 
5774.436658793838 62354.45532544771
7 33 2 38 46 39 29 5 |6 20 12 15 35 14 24 50 ||25 13 27 9 17 19 48 1 ||37 16 |42 |18 11 28 3 21 10 22 |40 44 34 |45 23 32 43 30 41 |4 |8 31 36 26 |47 49 |
6734.033632731175 58100.51145956882

Time:0.5374507904052734
Last Iter:1
Last Update:1
Tabu:0
Last Time0.5373630523681641
3
2 6 20 12 15 35 21 24 50 |25 13 27 9 17 19 48 1 |33 7 38 46 39 29 5 32 ||10 11 18 |41 |42 14 3 22 49 31 |4 30 8 43 34 16 |23 45 36 37 |28 47 40 44 |26 |
4304.331620249608 64418.24990752039
15 35 24 50 13 25 27 9 |6 20 12 17 19 48 1 |29 39 5 46 38 7 33 34 2 ||18 |32 23 36 26 41 8 30 22 |42 14 47 |21 28 16 43 44 31 |40 3 4 45 37 |49 |11 10 |
6358.742282185289 63558.248712066714
7 12 35 15 24 50 |29 39 46 38 6 33 20 2 |25 13 27 9 17 19 48 1 5 ||18 11 34 43 26 |28 |49 42 14 3 22 30 |45 |47 40 32 23 44 |16 36 37 |21 |31 10 8 41 4 |
6693.485380141314 60738.39815074639

Time:0.5482077598571777
Last Iter:1
Last Update:1
Tabu:0
Last Time0.548119306564331
3
25 27 17 19 48 1 5 |29 39 46 38 16 20 6 33 7 2 |12 35 15 24 50 13 9 ||4 49 |14 42 47 30 10 |37 |21 28 11 18 22 8 40 |23 44 45 26 |3 34 36 41 |32 31 43 |
4380.827889518377 64494.49577275164
50 35 12 20 6 33 2 38 46 |7 39 37 29 5 1 |15 24 9 27 13 25 17 19 48 ||43 40 |16 34 |30 22 10 41 31 32 45 36 |3 42 21 8 |49 4 47 14 |23 |26 44 28 |11 18 
5265.471532480653 62612.48686368662
29 39 38 46 5 |2 7 33 6 20 12 35 24 50 ||15 9 27 13 25 17 19 48 1 ||32 34 18 |3 |40 31 11 |4 22 8 28 |16 43 23 44 10 |49 |36 26 37 |30 21 |45 41 47 42 14 |
5860.690379376805 58574.453024014234

Time:0.5147888660430908
Last Iter:1
Last Update:1
Tabu:0
Last Time0.5147275924682617
2
7 33 6 12 15 14 24 50 22 |38 46 5 39 37 29 17 19 48 1 |2 20 35 13 25 49 27 9 ||16 23 4 |40 10 43 34 44 45 |21 28 18 32 31 41 |36 26 |8 30 47 11 3 42 
4521.397016091232 80588.22350081443
15 9 13 25 17 19 48 1 |27 29 39 38 46 5 |2 7 33 6 20 12 35 21 14 24 50 ||16 43 |36 41 22 28 |4 49 |3 30 10 40 32 23 34 |45 26 37 |18 11 44 31 8 |42 |47 
4678.435143962789 62089.13877533932

Time:0.4862394332885742
Last Iter:1
Last Update:1
Tabu:0
Last Time0.4860982894897461
5
24 50 25 13 27 9 17 19 48 1 |29 45 26 36 37 39 46 38 7 33 2 |15 35 28 12 6 20 5 ||41 47 |11 |34 18 21 |3 4 22 30 8 10 40 23 44 |49 |31 32 43 16 14 42 |
4553.762135640064 78405.03778600371
11 35 15 24 30 50 3 |12 20 6 33 7 2 38 46 39 |9 25 13 27 17 19 48 1 29 5 ||23 44 |8 |41 |47 22 28 |34 18 |36 45 37 43 |4 |26 31 32 40 10 16 |42 14 21 49 |
4642.641928844902 69875.45551665658
5 39 36 29 17 19 48 1 |25 13 27 9 15 24 50 ||35 12 7 33 6 18 20 2 38 46 ||26 45 |49 |14 42 3 21 47 4 |41 8 22 11 40 |10 28 43 32 |37 |23 44 31 30 16 34 |
5038.013301792987 66807.03830523002
15 35 24 50 48 1 5 |39 29 19 17 25 13 27 9 |46 38 2 7 33 6 18 20 12 ||11 |28 |31 23 41 |16 40 45 37 |36 26 44 32 43 34 10 30 |47 |49 4 14 21 22 8 3 |42 
5387.209815065782 61356.337834989274
39 29 1 48 17 19 24 50 |12 20 6 33 7 2 43 38 46 5 |35 15 25 13 27 9 41 ||47 3 |26 |18 16 28 21 14 22 30 |49 4 42 44 32 |34 11 40 31 |45 36 |37 23 10 8 
5684.444917823084 58753.35787122829

Time:0.482419490814209
Last Iter:1
Last Update:1
Tabu:0
Last Time0.48228025436401367
5
12 5 36 29 17 19 1 |39 46 38 20 6 33 7 2 |35 15 24 50 47 13 25 27 9 48 ||37 31 32 43 |10 8 41 40 44 26 |30 3 14 4 28 18 |45 |16 34 11 21 22 |42 49 23 |
4222.618115777603 74972.63915282142
39 29 25 13 27 24 50 |15 35 12 6 33 2 38 46 5 |7 20 9 17 19 48 1 ||14 3 21 |42 |30 40 45 36 26 37 |47 4 49 41 10 22 |28 11 18 16 34 23 31 |8 44 43 32 
4290.113127139032 64865.54275509402
39 2 7 33 6 20 12 |27 13 25 19 29 5 38 46 |15 35 24 50 9 17 48 1 ||36 |10 |31 40 |41 32 23 44 18 |21 28 |4 47 42 16 34 43 |26 49 |45 37 30 22 14 |11 3 8 |
5190.382161104475 61764.3803031504
7 33 6 20 12 15 24 50 |29 39 2 38 46 5 |35 25 13 27 9 17 19 48 1 ||28 |49 32 |16 34 18 21 3 42 10 |31 23 44 36 |40 41 8 |30 47 11 |45 26 |37 43 22 |4 14 
6567.078714430865 57445.49960123456
24 50 25 13 27 9 17 19 48 1 |15 35 12 6 7 33 20 |39 29 5 46 38 2 ||22 4 |32 |21 16 34 31 23 |44 40 43 18 11 |36 37 |42 14 28 30 |49 |41 8 10 3 47 |45 26 |
7669.956065503538 56821.059835289656

Time:0.5907723903656006
Last Iter:1
Last Update:1
Tabu:0
Last Time0.590656042098999
4
24 2 38 46 39 29 5 |17 19 7 33 6 20 12 |15 35 50 13 25 27 9 48 1 ||44 28 |41 |10 22 21 11 18 16 |40 23 34 30 3 4 |45 36 26 37 |49 47 42 14 |31 32 43 8 |
4188.645388349068 67001.61978229083
15 13 25 27 9 17 19 48 1 |35 24 50 29 39 5 |12 20 6 7 33 2 38 46 ||41 |22 49 |36 26 |45 44 43 11 28 21 |47 |14 3 30 10 31 32 16 |4 37 |18 34 23 40 8 42 |
6891.513421278112 65312.31757205018
39 12 20 34 2 38 46 |7 33 6 35 15 24 50 ||5 29 19 17 25 13 27 9 48 1 ||28 11 |14 3 4 |40 10 8 |49 42 47 41 32 |26 |18 16 43 23 44 36 |37 |21 22 30 31 45 |
7280.925508929002 62650.485700190875
35 12 20 6 33 7 2 38 46 5 |39 29 19 25 13 27 9 |15 24 50 17 48 1 ||43 16 |37 34 |42 41 |10 30 8 3 47 49 31 |21 28 |45 36 40 22 4 |18 |11 23 44 26 32 |14 |
7595.092007153429 62212.05504182545

